2018/01/09 14:22:16,0_NOSIGNAL,333,445,567,675,713,676,555,418,316,311,389,523,637,726,709,605,467,353,297,342,447,588,696,715,649,520,392,313,308,394,525,649,721,698,589,451,344,299,355,468,604,703,706,647,513,387,305,320,408,542,665,725,684,565,431,332,298,368,488,626,714,708,638,502,365,304,322,429,570,686,709,680,556,422,318,305,373,496,633,703,703,608,486,352,302,328,443,588,699,729,660,536,405,320,306,383,528,659,717,696
2018/01/09 14:22:16,1_NOSIGNAL,594,440,584,692,721,680,551,413,312,311,398,520,654,740,714,604,462,348,295,347,460,605,711,724,650,528,387,309,310,405,539,665,732,703,588,447,340,298,361,480,620,718,713,648,508,381,302,320,418,557,681,735,687,563,426,327,298,375,502,644,729,714,638,497,360,302,325,441,587,703,720,682,553,416,314,306,380,511,650,715,709,616,481,347,300,333,456,604,704,739,662,533,400,316,308,392,528,656,728,700
2018/01/09 14:22:16,2_NOSIGNAL,593,441,584,686,707,662,531,395,300,306,392,519,651,729,695,584,442,334,287,345,461,605,705,708,630,497,369,298,306,405,541,663,721,685,567,428,326,290,359,481,620,711,720,628,489,365,292,311,419,557,677,725,667,543,408,314,291,370,503,640,721,697,618,477,344,293,323,441,576,697,707,663,533,399,302,299,379,511,648,707,691,600,461,332,292,331,458,583,684,723,642,512,382,304,302,393,525,647,718,683
2018/01/09 14:22:16,3_NOSIGNAL,571,455,598,697,709,659,526,392,302,314,395,533,665,734,693,580,438,333,291,355,476,620,713,710,627,510,367,301,313,419,555,673,726,683,562,423,326,296,370,496,633,719,722,624,483,363,295,319,431,572,687,728,663,538,405,315,297,371,518,633,727,696,615,473,342,297,332,455,580,688,710,661,527,395,303,306,391,526,660,713,689,600,457,331,296,341,472,597,693,723,639,508,379,306,309,405,538,660,723,683
2018/01/09 14:23:17,0_100mHz,545,531,536,524,514,515,503,491,495,482,472,463,457,465,457,449,443,435,432,429,424,421,417,413,411,412,411,410,410,410,399,401,403,404,405,408,412,415,418,419,425,428,447,437,458,465,468,472,482,484,491,493,495,515,518,520,523,532,551,558,562,565,570,577,583,589,595,601,605,608,597,598,605,606,611,613,615,618,619,619,619,615,611,607,601,597,595,589,602,594,581,575,570,557,565,551,539,547,537,522
2018/01/09 14:23:17,1_100mHz,524,533,542,527,516,517,506,493,497,484,474,465,459,466,459,450,445,438,434,431,426,422,419,415,413,413,413,413,412,408,401,404,406,406,407,411,414,419,420,422,429,432,451,457,462,469,473,477,486,489,495,496,499,519,523,526,529,552,557,564,567,571,576,582,589,596,601,606,611,618,603,603,609,611,617,618,621,623,623,625,625,619,615,611,605,602,601,593,606,597,585,577,574,564,568,554,552,550,539,523
2018/01/09 14:23:17,2_100mHz,527,522,529,515,505,505,493,483,487,472,463,455,447,456,448,441,434,427,425,421,416,412,409,406,403,403,403,403,403,404,391,394,396,397,398,402,405,409,411,414,419,428,441,446,451,460,462,467,476,479,485,486,504,508,511,515,518,528,547,553,556,559,566,572,578,585,591,595,600,607,593,593,599,601,606,606,610,613,611,613,613,608,603,599,593,589,588,581,595,585,573,566,562,568,555,543,544,537,527,524
2018/01/09 14:23:17,3_100mHz,515,526,533,518,508,509,496,484,489,476,467,458,464,460,452,444,437,431,429,425,419,415,412,410,408,407,407,407,406,408,396,398,399,399,402,406,409,413,415,418,423,441,445,451,457,464,467,471,479,483,489,490,510,513,517,518,521,544,551,557,561,563,570,577,583,588,595,599,604,611,597,597,602,605,610,610,614,616,615,615,616,611,607,602,598,592,591,604,598,587,577,570,565,572,558,547,554,541,529,533
2018/01/09 14:24:26,0_500mHz,681,628,562,511,443,385,332,311,311,322,363,424,482,543,616,677,707,707,708,671,619,574,505,439,383,331,313,304,330,368,423,483,547,609,659,713,721,714,675,618,574,505,437,379,329,310,311,323,369,432,494,559,617,669,697,722,708,683,625,558,489,426,372,333,305,309,332,365,431,493,554,618,670,699,723,715,678,621,559,489,426,370,334,306,309,335,367,429,488,569,632,683,714,715,711,674,615,566,494,426
2018/01/09 14:24:26,1_500mHz,371,629,562,511,439,381,328,308,310,328,366,431,490,553,616,689,717,717,715,677,643,574,503,437,379,329,311,304,331,376,431,492,557,621,671,708,728,719,679,621,573,503,434,377,325,307,309,325,373,438,503,569,629,682,708,732,712,687,628,558,488,423,369,331,303,308,334,370,438,503,565,630,683,711,733,722,682,623,558,488,423,367,331,305,310,337,372,435,497,580,640,695,726,724,719,677,615,566,492,423
2018/01/09 14:24:26,2_500mHz,368,614,547,495,425,369,317,299,302,328,361,426,485,546,610,657,707,706,701,662,626,557,489,423,367,318,302,297,325,368,426,488,552,614,663,690,716,704,665,604,559,489,420,365,316,298,302,319,367,432,497,562,623,673,697,720,710,671,612,543,473,410,357,320,294,301,328,365,433,497,558,624,675,700,719,709,666,609,542,474,410,355,321,296,303,330,365,431,492,574,616,686,716,711,705,663,599,551,477,409
2018/01/09 14:24:26,3_500mHz,356,615,552,495,425,369,319,302,307,332,367,433,493,555,618,664,713,710,703,663,627,557,488,423,369,321,306,302,331,368,435,497,561,621,670,697,720,706,665,624,559,488,421,366,318,301,307,326,375,440,506,571,631,681,702,724,713,671,611,542,488,410,358,323,298,306,334,373,441,505,567,632,681,705,723,711,666,609,542,474,410,356,323,299,308,337,372,440,500,576,623,669,722,717,706,662,600,551,478,409
2018/01/09 14:25:19,0_1Hz,302,322,422,544,676,715,671,572,433,332,300,362,495,632,712,700,632,494,371,299,329,438,575,689,729,674,549,419,315,307,378,507,642,708,701,600,480,349,303,333,450,589,694,719,650,541,393,313,306,391,522,653,707,683,595,457,347,298,354,468,608,707,716,635,520,378,308,321,418,555,657,719,680,565,431,332,307,363,484,622,706,721,628,495,373,300,328,420,556,676,722,673,552,419,317,307,376,499,633,703
2018/01/09 14:25:19,1_1Hz,706,325,432,559,673,725,680,569,427,327,300,370,508,648,726,705,632,489,365,296,332,449,591,705,738,675,546,414,311,307,387,521,659,719,705,616,474,344,300,338,463,605,710,727,651,537,388,310,307,399,536,669,720,704,593,452,341,297,360,481,625,721,723,636,519,372,304,324,420,550,673,730,683,563,426,326,307,371,497,638,719,726,628,490,367,297,331,431,573,690,732,674,549,413,314,307,385,513,650,716
2018/01/09 14:25:19,2_1Hz,709,321,417,560,670,711,679,547,409,315,294,369,509,640,718,689,611,469,348,287,330,450,591,699,724,656,525,396,299,301,387,523,657,710,687,597,455,329,292,336,463,606,703,711,630,516,372,299,303,400,538,667,707,693,572,433,327,290,358,481,624,715,707,615,499,357,294,320,412,551,670,717,664,560,409,313,300,369,497,638,713,709,608,471,351,288,328,432,574,685,719,655,529,396,302,302,384,514,647,707
2018/01/09 14:25:19,3_1Hz,692,330,431,574,681,716,675,542,405,315,300,381,523,637,724,704,606,464,347,291,340,447,583,704,727,653,521,393,300,308,399,538,670,717,685,593,451,329,297,346,478,619,713,713,627,511,369,301,310,412,552,679,711,691,567,429,327,295,357,496,617,723,707,616,494,355,297,329,425,566,681,720,662,552,405,314,305,381,511,652,719,709,604,466,350,292,337,445,588,696,720,652,525,393,303,308,396,528,660,714
