2018/01/09 14:29:48,0_NOSIGNAL,506,512,514,509,507,519,514,509,506,512,517,510,504,519,511,507,519,515,510,506,519,516,511,508,512,515,509,502,514,509,512,515,507,504,516,515,511,520,514,507,505,517,509,512,515,511,505,517,513,507,517,509,512,516,509,502,513,506,512,517,514,511,509,506,512,515,508,503,517,510,507,504,515,510,507,517,515,506,519,515,509,503,517,513,512,515,507,519,514,510,506,503,513,509,504,517,509,503,516,510
2018/01/09 14:29:48,1_NOSIGNAL,503,524,518,514,510,522,517,513,509,525,520,513,508,524,516,511,523,519,514,509,522,519,516,511,524,518,513,524,517,513,520,518,511,507,521,519,514,524,517,511,508,520,511,507,519,514,508,521,516,510,521,511,523,519,512,524,515,509,524,519,518,516,513,509,524,519,511,507,522,515,510,507,518,513,510,521,517,510,523,519,513,507,521,516,512,519,511,523,517,513,510,525,517,513,508,521,513,507,519,514
2018/01/09 14:29:48,2_NOSIGNAL,512,513,508,503,499,511,506,503,498,513,509,503,498,511,505,500,513,507,503,499,511,508,506,501,513,507,502,513,506,501,513,506,501,500,510,509,503,513,507,499,496,509,502,512,507,502,497,511,505,499,509,501,513,507,502,513,503,499,514,508,507,505,503,499,513,507,501,497,510,504,500,497,506,503,500,511,506,498,512,507,502,497,510,505,512,508,499,513,505,502,499,513,507,502,496,510,502,512,508,503
2018/01/09 14:29:48,3_NOSIGNAL,512,517,511,507,502,515,510,506,501,517,511,507,501,515,508,503,517,511,507,503,516,511,509,504,517,511,507,517,510,505,517,509,504,512,513,513,505,517,510,503,512,511,505,518,510,505,512,514,508,503,512,504,516,511,505,517,507,502,517,513,511,509,507,503,517,511,504,500,513,508,504,512,509,507,503,514,509,502,516,511,505,501,513,507,518,511,502,516,509,507,502,516,510,506,500,513,505,516,511,506
2018/01/09 14:30:38,0_100mHz,603,600,591,584,577,589,579,571,565,557,546,553,541,531,521,526,511,500,505,491,478,485,475,463,459,451,446,442,439,436,431,428,424,421,418,417,413,411,411,402,399,402,403,405,405,409,412,415,415,418,425,429,431,435,442,447,453,456,462,480,486,490,495,499,503,512,527,532,532,535,542,549,571,576,577,581,587,591,593,600,606,609,613,617,619,623,622,624,616,610,611,609,609,607,606,604,600,593,607,601
2018/01/09 14:30:38,1_100mHz,596,603,595,588,596,593,584,574,567,559,549,556,544,535,523,527,514,512,506,492,479,484,477,466,460,454,447,443,441,438,433,431,426,423,420,419,415,413,415,408,401,405,406,407,408,411,415,419,419,422,429,431,435,440,445,451,457,461,466,486,491,493,501,504,509,524,532,536,537,541,547,553,577,581,583,587,593,597,599,606,611,614,618,621,625,628,627,631,634,616,616,614,613,611,611,607,603,597,613,606
2018/01/09 14:30:38,2_100mHz,601,591,584,577,576,581,573,563,556,548,544,545,533,523,511,515,503,506,495,481,469,478,465,456,450,444,437,434,431,428,424,421,415,413,411,409,405,404,405,400,392,396,397,399,399,402,406,409,409,413,419,421,426,431,435,442,447,451,455,476,481,484,490,495,499,519,522,525,527,530,537,543,566,570,572,575,582,585,588,596,601,603,606,609,615,617,617,619,622,605,604,602,601,600,599,596,591,586,602,594
2018/01/09 14:30:38,3_100mHz,591,595,587,579,584,585,576,565,558,551,558,548,536,527,514,518,506,509,498,483,488,481,469,460,454,447,440,438,435,432,428,424,418,415,415,412,408,408,409,409,395,399,401,402,403,406,411,413,413,417,423,425,430,435,439,446,451,455,459,479,484,489,494,499,503,522,526,529,530,534,542,547,569,574,575,580,586,589,592,601,603,606,611,613,619,620,620,623,608,607,608,606,605,603,603,599,595,592,606,597
2018/01/09 14:31:53,0_500mHz,664,697,727,697,687,629,563,493,430,376,336,306,307,332,363,425,486,552,614,665,695,728,697,686,628,563,493,431,376,327,309,308,330,373,421,499,565,631,672,714,716,709,675,616,551,500,435,367,331,313,309,333,367,434,495,563,625,674,703,703,698,663,629,561,491,429,368,329,313,308,335,370,434,495,559,621,673,701,724,708,667,616,561,486,421,367,333,306,311,340,376,428,496,560,617,668,712,714,703,663
2018/01/09 14:31:53,1_500mHz,624,709,737,705,692,631,563,491,427,373,334,303,306,334,367,431,495,564,625,676,707,737,706,690,631,564,492,428,373,324,307,303,332,377,427,508,577,644,672,726,726,716,677,618,564,498,431,363,327,312,308,335,371,440,505,573,637,686,715,713,707,667,631,561,490,427,364,327,311,309,338,374,441,505,571,633,686,711,733,715,671,624,560,484,419,364,330,304,312,336,381,434,512,569,630,679,708,724,709,667
2018/01/09 14:31:53,2_500mHz,625,698,724,691,676,615,549,477,414,360,323,298,299,327,362,426,490,558,620,668,699,725,692,675,615,548,478,415,361,314,298,297,326,372,422,503,571,614,672,704,713,703,661,603,555,483,418,364,317,303,302,329,367,435,500,567,631,679,705,701,693,651,616,546,475,414,360,316,303,302,331,369,436,499,566,627,677,702,721,700,655,608,543,469,405,353,320,296,305,336,376,431,496,563,624,669,694,711,696,651
2018/01/09 14:31:53,3_500mHz,610,703,727,691,676,615,548,477,414,362,325,308,304,334,369,435,499,566,628,675,703,724,694,676,615,547,477,415,362,324,302,302,333,379,431,511,581,622,672,721,718,707,662,602,555,482,418,365,320,308,307,335,374,443,510,577,641,687,711,705,695,656,615,546,475,414,356,319,307,307,337,375,444,508,574,636,684,707,724,700,655,616,543,468,405,355,323,299,311,343,384,439,505,571,633,677,704,715,698,652
2018/01/09 14:33:43,0_1Hz,312,407,545,669,711,679,589,449,333,305,355,482,607,704,717,631,499,376,299,323,425,565,685,711,672,570,432,323,308,373,498,630,706,715,619,486,367,301,325,437,578,690,724,664,538,408,321,303,378,520,653,719,707,599,463,349,304,340,447,584,687,710,662,528,397,306,312,402,535,662,713,690,578,448,339,296,354,470,607,703,705,649,515,384,307,316,409,543,664,722,683,566,431,332,298,368,492,627,713,703
2018/01/09 14:33:43,1_1Hz,634,417,560,685,721,683,587,444,327,304,362,483,624,707,723,631,493,371,297,327,436,581,688,722,693,566,427,319,304,381,511,646,719,720,619,479,362,299,330,449,593,703,733,666,534,402,317,304,386,535,664,730,711,599,458,343,303,345,460,601,703,719,663,524,391,303,313,411,549,680,725,694,580,454,334,295,361,483,624,717,728,649,511,382,304,315,420,559,678,731,685,562,427,327,298,376,506,646,726,708
2018/01/09 14:33:43,2_1Hz,634,417,560,681,710,665,567,426,315,297,361,484,623,699,708,610,475,355,287,323,437,560,672,709,672,546,409,307,298,380,511,645,711,703,599,461,347,290,327,451,592,700,719,646,514,385,305,299,387,536,643,719,694,579,440,329,294,343,462,600,698,705,644,503,374,292,309,411,549,677,713,675,576,426,321,288,360,483,623,710,712,628,491,364,295,312,421,561,674,720,667,542,409,314,292,375,507,640,719,692
2018/01/09 14:33:43,3_1Hz,614,431,564,692,714,672,562,422,315,302,372,498,637,708,707,607,470,354,291,332,450,574,680,714,664,539,406,307,306,392,527,657,719,703,595,457,346,294,337,465,607,710,721,643,520,382,307,306,399,531,655,727,692,573,436,329,299,354,476,614,706,706,641,499,371,295,317,424,565,665,719,672,572,424,321,294,371,497,638,717,723,625,486,352,297,321,433,575,685,724,665,537,405,315,298,373,521,635,727,691
2018/01/09 18:51:45,0_NOSIGNAL,508,503,503,518,514,508,506,503,502,517,514,511,508,506,504,512,514,511,507,518,514,510,507,505,502,502,516,517,511,509,505,502,518,515,513,509,507,503,501,516,512,509,506,504,502,514,511,510,506,505,503,503,517,515,515,513,512,512,509,505,518,517,515,513,511,510,507,504,516,515,508,505,503,518,515,510,506,505,512,518,516,513,507,505,502,501,517,513,510,510,507,505,504,503,515,514,511,506,503,518
2018/01/09 18:51:45,1_NOSIGNAL,517,515,514,511,512,519,517,514,514,511,507,523,519,518,515,512,508,522,518,511,507,521,518,516,513,513,509,510,523,520,516,513,512,510,512,521,518,514,512,510,523,520,517,515,513,509,522,521,518,516,514,514,511,509,509,512,523,524,520,516,512,511,509,512,522,521,518,515,513,508,519,517,514,512,509,521,517,516,513,511,509,523,518,515,513,513,510,524,521,521,517,517,515,513,509,508,522,517,514,512
2018/01/09 18:51:45,2_NOSIGNAL,510,508,508,505,501,496,511,508,508,505,502,499,496,511,508,506,502,499,512,505,501,498,512,510,508,507,503,504,500,497,510,508,506,504,501,498,512,509,507,504,501,497,511,509,507,503,499,498,496,510,509,508,506,503,503,501,501,501,497,509,506,505,503,502,499,497,512,509,507,502,497,510,508,506,503,498,511,510,507,506,504,500,512,509,507,507,505,501,498,498,511,511,509,507,503,502,499,511,508,506
2018/01/09 18:51:45,3_NOSIGNAL,505,500,501,515,511,506,504,500,500,514,511,509,505,504,500,516,512,508,504,514,511,507,503,502,500,512,513,513,509,506,503,500,512,514,511,507,505,501,512,514,510,507,503,502,512,513,509,508,505,503,501,501,515,513,513,511,511,510,506,502,516,514,513,511,508,507,505,501,516,511,506,503,500,516,512,507,503,502,499,516,513,509,504,501,499,512,515,510,508,508,504,503,501,504,511,512,509,504,500,516
2018/01/09 18:52:33,0_100mHz,450,446,444,438,437,435,421,420,421,421,407,408,409,410,411,397,399,401,407,411,403,406,413,419,411,419,423,429,435,443,451,445,452,457,463,469,476,482,489,510,516,519,524,531,537,544,552,557,565,575,583,574,585,594,601,591,599,608,615,604,612,617,622,607,611,613,616,618,605,608,614,613,612,610,590,588,584,580,575,573,565,558,549,539,532,532,530,520,510,499,507,497,489,485,477,469,461,458,453,446
2018/01/09 18:52:33,1_100mHz,443,455,453,447,430,428,429,428,415,415,415,417,408,404,405,406,407,410,402,407,412,416,422,414,421,429,434,440,446,439,447,456,463,468,475,480,488,494,501,506,511,532,537,544,550,558,565,570,579,570,578,588,598,588,595,605,615,612,609,619,626,631,615,622,625,626,630,624,619,622,606,605,604,603,603,601,596,592,587,584,576,569,560,550,543,535,523,530,519,508,499,490,482,478,470,477,469,451,447,439
2018/01/09 18:52:33,2_100mHz,436,449,432,426,424,422,423,409,409,409,409,397,398,399,399,400,401,390,397,401,406,397,403,408,415,412,413,419,425,434,441,450,457,462,469,475,482,489,495,500,505,508,513,521,527,534,541,546,556,565,573,583,574,583,591,600,589,597,604,614,601,606,610,617,620,620,604,607,614,596,601,600,599,597,598,592,576,567,562,559,551,543,554,543,537,529,516,506,513,502,493,483,477,472,463,455,447,446,441,434
2018/01/09 18:52:33,3_100mHz,431,443,440,435,433,431,417,417,417,403,404,406,406,407,408,395,397,399,405,397,401,406,411,417,411,418,422,429,434,443,450,445,451,455,463,469,476,482,489,504,515,518,524,531,538,544,551,557,566,575,583,575,585,594,601,590,600,608,615,605,612,618,621,606,610,611,615,618,604,607,612,610,610,588,588,585,581,578,572,569,560,553,546,535,529,538,526,515,504,493,502,492,486,481,473,464,457,455,449,443
2018/01/09 18:53:23,0_500mHz,634,569,501,437,383,332,314,307,321,367,418,480,550,618,675,691,727,707,683,629,567,499,437,383,333,306,308,324,362,422,485,551,618,672,695,706,708,676,626,568,501,439,374,336,307,310,325,368,422,487,555,603,660,705,715,695,670,620,575,503,438,373,335,309,303,328,361,426,491,559,607,665,705,713,714,682,629,565,497,435,382,333,306,310,326,361,427,493,546,612,673,710,715,714,684,628,565,496,434,370
2018/01/09 18:53:23,1_500mHz,335,578,508,441,384,335,306,311,328,364,431,497,569,618,675,713,722,724,697,641,575,505,441,373,335,307,303,331,367,421,500,569,618,676,717,727,725,691,638,576,508,428,377,338,310,304,331,366,420,487,554,625,682,702,735,713,685,631,564,509,442,376,327,313,308,323,372,425,490,560,629,687,720,733,707,674,641,574,503,440,373,336,309,303,333,371,426,494,565,634,672,707,735,707,676,640,574,502,439,373
2018/01/09 18:53:23,2_500mHz,326,549,481,417,363,327,300,296,324,362,416,479,551,618,674,710,717,694,666,609,564,494,416,364,316,301,298,316,365,420,483,551,618,675,690,722,695,660,612,547,481,419,367,319,293,300,316,364,419,486,554,625,658,699,706,706,677,622,554,481,418,367,319,296,293,319,357,424,490,561,629,664,700,703,701,666,609,545,480,415,364,317,302,299,318,368,425,494,565,612,671,703,707,701,668,609,544,476,415,364
2018/01/09 18:53:23,3_500mHz,319,555,487,422,369,322,297,304,323,373,429,493,566,613,668,701,706,705,675,617,551,483,422,370,323,298,306,327,364,433,498,566,633,669,704,711,706,669,615,554,486,425,361,326,301,299,326,363,433,501,571,620,675,715,719,694,664,608,560,487,424,360,326,303,302,330,369,423,490,557,624,679,714,716,711,674,617,551,482,421,357,323,299,308,329,367,424,492,562,629,687,719,720,713,677,616,551,481,421,357
2018/01/09 18:54:07,0_1Hz,333,301,360,486,629,699,719,629,496,374,302,322,431,558,684,716,671,556,422,317,306,375,506,628,706,715,619,484,354,304,332,439,584,682,718,661,540,410,314,302,381,513,653,723,695,595,463,353,301,339,449,595,686,715,651,525,398,308,314,390,522,661,718,698,594,457,338,296,353,473,598,700,713,638,511,385,303,318,401,535,662,728,680,580,435,335,299,355,475,615,706,706,628,496,374,299,324,420,563,671
2018/01/09 18:54:07,1_1Hz,730,305,373,507,633,723,711,638,498,361,304,331,434,583,687,736,683,560,422,318,301,376,511,655,729,707,616,470,354,297,336,458,589,708,737,673,543,410,314,308,397,535,656,721,710,603,466,341,294,350,468,601,711,733,661,529,385,310,311,406,546,665,739,712,579,443,338,297,352,476,623,725,731,648,514,385,304,315,417,559,687,730,692,573,436,324,303,367,496,641,730,723,637,499,374,301,322,437,569,697
2018/01/09 18:54:07,2_1Hz,725,291,363,496,639,722,702,603,467,349,287,319,439,570,689,730,652,526,395,308,297,379,517,637,704,697,592,455,342,291,331,448,595,686,707,638,512,383,295,305,387,524,661,719,699,588,435,330,289,339,458,607,692,725,648,513,372,291,309,409,534,669,712,678,566,429,316,292,354,482,609,701,699,635,496,360,296,314,421,547,668,725,681,558,422,313,290,357,485,625,706,715,623,483,349,294,322,428,575,677
2018/01/09 18:54:07,3_1Hz,720,300,379,518,639,715,710,606,468,351,294,333,444,591,685,718,655,528,397,303,308,383,521,659,719,705,595,456,335,289,345,467,597,705,718,644,513,385,300,305,404,545,659,735,683,571,437,324,297,354,478,609,707,711,631,498,374,297,309,414,555,667,726,685,568,430,320,291,357,486,630,719,708,616,484,362,293,320,425,569,688,713,664,544,409,318,299,373,505,647,722,700,606,468,352,292,324,447,579,696
2018/01/09 18:55:14,0_NOSIGNAL,463,351,297,345,455,599,704,729,657,532,402,310,307,397,529,662,718,695,585,452,344,299,346,474,594,692,729,653,518,389,304,319,408,547,672,720,688,574,437,335,299,358,479,621,714,715,629,496,373,298,324,417,563,686,719,673,553,422,327,300,366,492,629,710,718,623,486,367,299,323,436,582,676,711,677,555,409,319,303,379,510,648,721,713,610,471,352,295,341,449,594,703,731,663,534,405,311,306,391,524
2018/01/09 18:55:14,1_NOSIGNAL,658,348,297,340,470,597,699,741,662,531,396,309,311,408,547,681,733,702,586,449,336,300,354,472,615,709,720,655,516,386,303,313,421,566,673,734,695,574,434,332,301,366,495,641,731,723,633,494,370,297,330,430,581,682,733,678,554,419,325,302,376,509,651,727,726,625,483,356,299,330,450,581,693,723,682,544,405,317,306,391,527,650,737,721,612,468,349,296,337,464,592,698,728,667,533,400,310,309,403,542
2018/01/09 18:55:14,2_NOSIGNAL,678,333,289,338,464,597,694,725,643,511,368,298,306,407,548,657,723,685,567,431,315,291,352,475,615,703,699,636,495,360,292,309,420,547,671,723,677,554,415,310,294,366,497,617,712,707,613,475,354,287,324,431,562,679,721,660,535,402,301,295,375,510,650,719,710,605,464,335,290,327,452,581,689,711,642,516,388,305,301,390,528,649,727,690,591,449,335,288,334,465,594,693,704,648,514,371,298,304,404,543
2018/01/09 18:55:14,3_NOSIGNAL,653,333,295,350,470,613,703,720,641,507,367,301,314,409,545,671,729,685,565,429,316,298,363,489,630,714,702,620,493,354,296,319,435,565,683,729,677,551,413,309,301,378,513,632,708,709,611,473,353,292,324,447,579,692,726,659,531,400,303,303,389,526,643,727,704,603,461,335,295,337,450,597,701,714,641,511,386,298,308,404,536,665,724,680,589,446,335,293,345,465,609,703,709,647,511,369,301,313,417,556
2018/01/09 19:00:32,0_NOSIGNAL,656,722,694,583,447,332,297,353,472,620,715,715,633,499,378,303,318,423,560,686,717,677,559,428,321,298,374,501,623,703,715,625,492,359,304,330,430,574,695,716,663,545,415,315,304,375,507,647,718,713,614,477,351,296,333,456,581,695,726,663,538,396,316,310,397,533,647,729,707,601,451,342,295,352,470,592,696,711,639,511,387,304,319,405,548,662,729,677,586,435,334,298,356,479,623,719,720,637,506,369
2018/01/09 19:00:32,1_NOSIGNAL,306,737,701,583,436,330,298,362,489,640,720,725,636,497,374,302,323,436,579,681,731,682,559,425,319,300,371,504,644,719,726,628,489,356,294,337,444,593,689,729,669,544,411,313,302,386,525,666,735,721,615,475,348,297,340,455,601,714,739,669,537,393,303,314,409,532,667,745,714,602,447,339,296,349,480,613,715,722,643,510,383,303,312,418,552,682,745,683,576,433,332,300,365,495,622,711,731,641,505,366
2018/01/09 19:00:32,2_NOSIGNAL,305,725,683,563,411,317,292,361,492,618,701,710,617,478,352,293,320,436,562,677,719,663,539,407,307,294,371,501,642,713,710,609,470,341,285,334,445,576,686,717,651,525,395,301,297,386,527,643,725,681,595,442,333,289,338,456,601,709,724,649,518,375,293,309,394,534,665,709,672,564,429,325,289,347,471,614,709,707,625,490,367,293,308,419,549,679,712,666,547,415,318,293,364,497,623,706,715,622,485,351
2018/01/09 19:00:32,3_NOSIGNAL,285,732,683,559,409,318,298,374,509,634,711,712,614,475,345,297,331,435,575,690,726,663,536,405,309,301,384,518,656,721,711,606,451,341,290,333,461,590,699,721,650,522,393,303,304,400,543,657,732,682,576,437,333,295,349,472,617,696,728,647,497,373,295,317,408,550,679,716,673,559,427,326,295,360,486,630,720,711,623,487,366,296,317,424,565,692,715,666,546,413,318,300,377,512,639,717,718,616,465,350
2018/01/09 19:01:27,0_NOSIGNAL,517,515,513,509,507,503,514,514,510,507,506,503,519,517,513,511,511,514,513,509,509,505,503,518,517,516,517,514,513,511,510,507,509,507,504,503,517,516,513,509,510,509,509,505,502,518,518,515,513,511,509,509,508,506,512,519,516,516,515,513,511,509,504,503,502,502,512,517,515,513,507,503,517,514,513,511,507,506,504,502,512,502,502,517,516,516,515,513,509,506,505,517,516,513,511,511,510,506,504,502
2018/01/09 19:01:27,1_NOSIGNAL,518,522,517,515,513,510,512,521,517,513,513,510,524,523,518,517,518,522,520,516,515,511,510,516,523,523,524,521,519,519,516,515,516,513,511,509,523,523,520,516,517,515,515,511,509,524,512,522,519,518,516,515,515,513,508,520,523,523,522,520,517,515,511,510,510,508,508,524,521,519,514,509,524,520,521,517,513,513,511,509,509,509,509,524,522,522,522,519,515,513,511,524,522,520,519,518,516,513,511,509
2018/01/09 19:01:27,2_NOSIGNAL,516,511,506,503,503,499,496,510,507,503,503,500,497,513,508,508,508,511,510,505,505,502,499,496,512,496,500,510,509,509,506,505,506,503,501,499,512,513,509,506,506,505,505,501,499,496,496,510,508,507,506,505,505,502,499,495,512,512,511,510,507,505,502,499,500,498,497,512,511,508,503,499,512,510,510,506,503,503,501,499,498,499,499,496,511,511,511,509,505,502,501,500,511,510,508,508,505,502,500,499
2018/01/09 19:01:27,3_NOSIGNAL,495,516,511,508,509,505,501,516,511,508,507,505,502,512,513,514,513,514,515,510,510,507,505,501,512,502,501,515,514,515,511,509,511,508,506,505,501,512,515,511,511,509,510,505,504,502,501,515,513,511,511,510,509,507,504,501,500,502,517,515,511,510,507,504,505,503,503,501,516,513,508,504,501,515,515,511,508,508,507,505,503,505,503,501,512,499,516,514,509,507,506,501,516,515,514,514,510,507,505,504
2018/01/09 19:02:12,0_100mHz,522,514,524,514,507,496,487,481,475,467,465,462,456,439,438,441,426,423,424,423,409,410,412,410,402,404,408,399,402,407,399,407,415,405,413,419,427,419,426,437,446,439,448,458,463,469,477,483,488,496,503,509,515,523,533,541,547,557,549,561,574,583,575,586,592,587,597,605,608,603,610,620,606,615,620,624,612,615,620,618,608,607,607,607,607,603,602,581,582,582,579,571,567,559,550,542,534,527,516,507
2018/01/09 19:02:12,1_100mHz,500,520,512,521,511,500,492,486,479,473,471,467,461,445,443,432,431,427,429,427,414,415,417,405,407,409,413,403,407,412,405,413,416,411,419,426,433,425,433,443,448,447,455,465,470,476,484,490,495,504,511,518,524,531,541,549,555,566,558,570,582,584,584,595,587,597,605,615,604,612,621,629,615,623,630,615,621,625,628,627,611,616,616,615,614,610,592,588,590,589,585,579,573,566,557,548,539,532,521,511
2018/01/09 19:02:12,2_100mHz,505,509,501,509,501,489,481,476,470,463,460,456,440,435,433,421,421,418,418,408,405,405,407,395,397,399,403,394,398,403,396,404,397,402,409,417,416,415,424,434,427,437,445,456,460,466,474,480,485,494,501,508,514,521,531,539,545,536,549,560,572,561,574,585,577,587,595,604,593,600,610,600,606,612,620,605,610,614,617,616,601,605,605,605,603,599,577,578,579,578,574,568,562,553,546,538,528,521,510,502
2018/01/09 19:02:12,3_100mHz,495,515,506,512,505,495,487,481,474,468,466,452,441,439,439,426,425,423,424,408,409,411,413,401,402,403,395,399,404,409,401,410,402,408,415,422,413,421,430,439,432,443,451,461,465,473,479,485,491,499,507,514,520,527,537,545,551,543,555,567,576,567,580,591,583,593,601,610,599,606,616,603,613,617,625,610,616,620,622,622,607,611,610,610,607,603,582,583,585,583,568,553,552,559,550,543,533,524,515,507
2018/01/09 19:03:11,0_500mHz,471,526,597,662,705,720,711,691,649,589,523,460,391,350,314,302,321,348,407,467,535,602,644,690,711,722,679,648,595,529,446,389,349,312,308,319,347,408,471,539,591,650,698,715,702,681,637,579,517,452,397,343,309,307,316,356,404,469,537,607,649,690,709,712,676,640,577,513,447,390,348,313,310,319,349,411,474,544,595,658,703,719,706,685,639,579,515,451,395,341,310,309,321,351,400,461,531,599,659,701
2018/01/09 19:03:11,1_500mHz,720,539,612,655,696,716,723,702,654,593,525,461,391,349,315,303,325,353,415,479,549,618,661,705,725,733,689,639,600,530,447,389,348,312,301,323,353,415,482,553,606,667,714,729,713,689,645,584,519,453,397,343,309,309,319,362,413,481,551,608,664,706,723,709,685,639,582,515,448,389,340,313,300,323,355,408,469,538,611,675,719,734,717,693,646,585,517,451,394,341,311,300,325,357,408,473,543,614,675,717
2018/01/09 19:03:11,2_500mHz,734,534,606,648,687,705,711,687,639,578,510,442,379,326,305,295,316,348,396,474,543,592,655,698,715,696,675,625,568,512,433,376,326,303,293,316,346,397,464,529,600,661,705,719,701,675,630,570,504,439,372,332,299,298,313,344,407,477,547,595,655,698,713,697,671,625,567,500,434,376,324,303,293,316,350,400,465,534,605,669,686,724,705,679,631,570,502,437,381,330,301,293,318,352,404,469,539,610,667,696
2018/01/09 19:03:11,3_500mHz,723,543,617,658,696,711,715,691,641,579,511,433,380,329,309,300,313,355,405,468,553,601,665,707,722,701,678,628,566,499,434,378,327,307,298,323,354,407,470,539,611,671,690,726,705,679,631,571,505,440,372,335,304,296,320,352,418,472,538,606,665,706,721,702,675,627,569,501,435,378,327,307,299,323,357,410,475,543,616,656,695,704,709,683,633,571,503,438,369,333,305,298,324,360,413,479,550,619,676,693
2018/01/09 19:03:58,0_1Hz,567,433,333,302,360,484,627,719,717,633,503,367,306,325,420,562,687,717,673,555,425,321,298,367,494,636,719,705,614,481,362,300,329,433,576,697,717,660,542,411,314,302,381,513,651,721,692,595,465,352,297,337,460,587,700,728,662,535,403,313,310,399,537,652,711,691,587,453,334,302,349,465,607,712,724,650,522,382,303,320,410,550,659,727,677,571,439,325,303,361,484,628,704,702,621,493,372,300,324,423
2018/01/09 19:03:58,1_1Hz,551,431,330,303,369,500,626,712,727,635,501,364,295,331,434,582,683,730,680,555,422,319,301,377,511,657,737,714,616,479,359,301,336,447,596,692,729,667,541,408,313,305,393,530,656,736,700,596,462,349,298,344,459,607,719,740,665,534,388,311,313,410,535,673,726,698,589,450,332,302,358,480,627,706,735,654,512,379,302,314,423,568,679,743,684,571,436,323,304,370,500,625,714,712,625,491,370,299,322,438
2018/01/09 19:03:58,2_1Hz,571,412,317,297,369,502,625,703,710,618,482,349,286,324,434,576,679,719,663,535,405,307,295,376,513,632,712,698,597,460,344,292,333,449,584,689,717,649,521,391,301,300,393,532,647,727,684,577,444,335,290,343,461,608,690,726,647,514,368,296,309,410,537,671,717,681,570,431,318,285,357,483,605,699,721,634,483,363,291,311,423,550,677,724,667,553,418,310,297,368,501,626,707,697,606,472,354,289,319,440
2018/01/09 19:03:58,3_1Hz,572,410,308,303,368,500,642,713,712,615,464,348,290,325,450,579,693,723,663,532,403,309,303,390,530,647,711,699,595,457,332,296,344,464,593,701,722,648,518,389,303,309,406,530,661,735,685,575,441,323,296,354,478,608,702,705,646,496,367,293,318,410,553,685,723,682,567,430,319,291,360,499,621,711,704,632,481,362,295,320,423,566,690,714,667,549,415,311,294,369,500,642,720,700,604,470,344,294,328,439
2018/01/09 19:06:19,0_NOSIGNAL,516,514,514,517,516,518,518,516,519,515,516,513,511,514,513,511,513,513,515,513,511,509,509,512,513,511,511,510,511,510,511,511,511,513,513,511,511,511,511,508,509,508,506,505,504,503,504,504,503,503,504,502,512,512,517,515,515,516,516,515,515,514,511,513,513,516,517,516,518,519,515,514,515,513,516,515,517,517,515,514,511,509,508,509,507,506,506,503,503,519,512,512,516,515,513,513,515,513,514,511
2018/01/09 19:06:19,1_NOSIGNAL,509,521,521,524,524,524,524,524,516,523,522,519,519,521,520,518,520,519,521,519,517,516,517,519,519,517,519,517,518,516,518,519,519,519,520,519,519,519,518,516,515,515,513,513,511,511,511,511,511,511,511,508,509,507,524,522,522,523,523,522,522,521,519,519,521,523,523,524,520,512,522,521,521,520,524,522,516,524,522,521,519,515,515,516,513,513,513,510,510,512,508,512,524,522,519,520,521,520,521,518
2018/01/09 19:06:19,2_NOSIGNAL,516,511,510,512,512,496,496,496,496,511,511,509,509,511,510,508,510,510,510,508,506,505,507,508,509,507,508,506,508,507,509,508,509,509,510,508,509,507,508,505,505,505,503,502,502,501,501,501,501,500,500,497,499,498,512,511,511,512,513,511,510,510,509,508,511,512,512,496,496,498,511,510,510,509,496,511,496,496,511,511,508,504,504,505,503,502,503,499,499,496,497,496,512,511,509,510,510,510,509,508
2018/01/09 19:06:19,3_NOSIGNAL,506,516,515,501,501,500,501,501,501,512,516,515,514,516,515,514,515,515,515,514,511,511,512,514,514,513,514,512,513,511,514,513,514,514,514,513,514,513,513,511,511,510,508,507,507,507,506,505,506,506,505,503,505,503,500,516,512,500,512,516,515,515,514,514,517,500,501,501,501,503,512,515,516,515,501,512,501,501,512,516,513,510,510,510,508,508,507,505,505,502,503,502,500,516,514,516,515,515,515,513
2018/01/09 19:07:07,0_100mHz,416,415,417,407,409,412,402,405,407,398,404,398,402,408,415,406,413,421,424,421,430,439,433,443,452,463,470,464,482,489,480,504,496,503,509,518,529,539,549,557,565,555,569,583,574,587,596,595,592,599,610,601,611,619,609,616,623,611,617,623,611,616,621,602,604,605,607,605,584,582,578,574,574,567,563,558,554,546,540,534,525,514,509,502,495,488,483,477,471,453,451,452,437,435,431,431,430,415,415,417
2018/01/09 19:07:07,1_100mHz,404,421,423,413,414,417,407,410,413,403,410,404,408,414,420,412,419,426,419,428,436,446,439,449,460,470,464,467,474,488,488,500,504,511,517,526,537,546,556,566,564,565,578,590,583,595,588,605,598,607,620,611,620,629,618,626,632,620,626,633,618,624,616,610,612,614,615,612,591,590,585,581,581,575,570,564,560,552,546,539,530,519,514,507,499,493,488,481,475,459,457,458,442,439,437,436,432,420,420,423
2018/01/09 19:07:07,2_100mHz,409,411,413,403,405,402,397,401,403,394,401,395,398,405,400,403,410,417,410,418,427,435,431,440,450,448,451,458,462,470,479,484,495,501,506,517,527,537,546,540,543,555,569,568,573,585,579,595,587,598,608,601,610,602,608,615,616,610,615,616,607,614,598,600,601,603,603,581,581,579,574,570,570,563,559,553,549,541,535,528,518,509,503,497,490,483,477,470,465,449,447,447,432,429,427,427,410,410,411,413
2018/01/09 19:07:07,3_100mHz,399,417,408,408,409,398,403,406,400,400,406,401,403,410,401,408,415,420,415,424,433,426,436,445,455,450,457,463,469,476,484,490,500,507,512,523,533,543,553,542,551,561,575,565,580,591,585,602,595,604,596,607,616,603,615,620,606,615,621,606,613,620,603,606,607,608,608,587,586,585,580,575,575,568,565,559,552,546,528,520,523,514,508,501,495,488,482,475,455,453,453,437,437,433,432,420,415,415,416,410
2018/01/09 19:07:51,0_500mHz,711,699,655,599,536,469,410,353,315,300,318,342,386,446,516,585,648,696,701,722,690,654,596,527,463,408,352,316,309,315,340,397,459,516,580,646,695,719,719,685,651,595,532,467,411,354,315,302,318,346,394,454,523,593,641,693,719,715,700,660,605,537,471,402,352,319,305,312,349,396,462,514,587,650,701,712,717,703,656,587,539,457,403,347,321,308,316,342,389,464,521,591,657,685,710,706,692,651,592,528
2018/01/09 19:07:51,1_500mHz,463,708,663,604,539,470,409,353,316,301,320,347,394,457,529,599,664,689,716,734,701,661,599,531,463,407,351,316,308,317,345,396,469,523,596,663,712,735,731,695,658,600,534,467,397,353,316,303,311,351,402,465,536,600,657,711,734,728,711,667,609,539,472,401,345,319,305,314,355,404,456,527,603,667,692,715,729,689,648,591,532,458,403,346,320,309,319,348,397,459,535,606,651,701,725,718,702,657,596,530
2018/01/09 19:07:51,2_500mHz,463,694,649,589,524,455,396,341,306,293,303,341,389,453,525,593,644,682,705,712,687,646,585,516,450,395,340,306,291,310,339,386,448,519,591,655,678,701,721,682,645,585,521,454,385,341,307,295,305,345,397,461,532,584,651,678,704,717,696,653,592,524,441,388,333,310,297,307,337,399,452,523,596,656,685,705,719,676,634,575,508,445,390,335,300,292,312,342,392,455,530,601,645,693,716,705,689,643,582,516
2018/01/09 19:07:51,3_500mHz,450,697,651,591,526,457,398,344,310,298,309,349,397,463,535,603,644,692,714,703,690,648,586,518,451,396,343,310,296,317,346,395,458,529,601,660,687,708,712,686,647,587,522,455,387,344,311,300,311,341,406,471,528,595,663,687,707,723,677,640,575,525,443,390,336,303,302,314,344,395,463,534,606,648,693,713,724,679,637,577,509,446,392,338,305,296,318,351,401,465,541,611,655,703,723,709,691,647,583,518
2018/01/09 19:08:38,0_1Hz,320,413,552,665,734,679,570,438,326,300,367,493,616,709,703,621,495,373,304,323,428,563,686,716,675,557,425,320,302,376,506,631,714,695,605,475,359,297,329,447,575,691,732,675,534,407,310,310,383,520,639,708,700,603,470,345,297,339,452,596,707,711,647,525,387,313,312,405,526,661,719,701,594,447,333,302,355,474,612,696,728,630,507,384,305,315,417,540,673,719,684,575,440,332,302,363,489,612,699,702
2018/01/09 19:08:38,1_1Hz,623,426,556,685,724,687,571,435,324,297,363,492,637,727,714,625,493,369,303,330,433,582,706,729,679,558,422,319,305,387,524,652,731,706,608,472,355,298,335,446,595,712,743,660,534,404,309,303,395,539,660,722,708,605,468,343,298,347,468,617,702,723,652,524,385,301,316,402,545,681,735,708,596,445,331,298,356,490,615,710,728,635,506,381,305,321,428,561,694,735,691,575,423,330,304,373,505,632,717,712
2018/01/09 19:08:38,2_1Hz,627,427,558,682,711,669,551,417,311,290,363,493,638,720,699,607,473,352,294,327,435,583,677,717,662,538,402,306,299,376,507,652,723,690,589,454,340,289,333,448,595,704,705,639,515,387,297,298,395,521,659,714,691,585,433,329,290,345,470,596,697,711,632,505,368,290,311,403,547,660,727,680,556,427,317,287,350,484,615,705,699,617,487,364,295,317,415,562,666,724,674,556,406,306,297,372,496,633,711,697
2018/01/09 19:08:38,3_1Hz,607,427,575,696,718,669,548,414,313,298,377,509,640,730,701,604,471,341,288,338,450,579,691,721,661,534,388,308,306,385,524,644,733,692,587,451,340,295,344,463,612,694,711,637,511,385,301,307,409,538,672,722,693,582,431,330,296,357,486,613,709,714,631,503,367,294,321,418,564,671,733,667,553,425,317,293,362,489,631,716,703,615,484,351,292,327,431,578,679,730,674,553,404,308,300,372,505,649,721,701
2018/01/09 19:16:45,0_NOSIGNAL,518,512,504,503,503,504,507,509,511,513,515,515,514,514,516,517,517,517,517,512,503,503,503,505,504,508,510,513,513,515,516,517,503,504,504,504,507,509,509,510,511,511,511,515,515,518,518,503,506,506,507,510,514,515,517,516,512,504,505,508,509,511,511,511,514,517,519,503,505,505,507,510,510,511,511,511,511,513,515,518,512,505,505,504,508,510,513,515,513,514,515,517,517,517,517,517,503,503,506,509
2018/01/09 19:16:45,1_NOSIGNAL,512,508,508,510,511,511,515,515,519,521,523,522,520,522,523,524,524,523,524,509,510,510,511,511,512,515,517,520,520,521,523,523,510,511,511,511,514,517,515,517,518,518,519,522,521,520,520,510,512,513,514,517,521,521,524,507,508,511,511,515,516,518,519,518,522,520,508,511,511,511,514,517,517,518,519,519,519,520,522,520,509,511,511,511,515,517,521,521,519,520,521,524,524,523,523,524,510,511,513,516
2018/01/09 19:16:45,2_NOSIGNAL,519,499,498,500,502,500,505,505,509,511,513,511,509,511,512,496,512,512,496,499,500,499,501,502,503,505,508,509,509,511,512,513,500,501,501,501,504,506,506,507,507,508,509,513,511,496,497,501,503,503,505,507,511,511,496,498,499,501,502,505,507,508,509,508,512,496,499,501,502,501,504,507,507,508,508,509,509,510,511,497,498,501,500,501,505,507,511,510,509,510,511,498,512,512,496,496,501,501,503,507
2018/01/09 19:16:45,3_NOSIGNAL,509,503,503,505,507,505,511,511,514,516,500,516,515,516,500,501,500,512,501,505,505,505,507,507,508,511,514,515,515,515,501,501,505,506,507,507,509,511,513,513,513,512,515,512,517,501,503,505,508,509,510,513,516,516,501,503,503,506,507,511,513,514,514,514,500,501,504,507,507,506,509,512,511,513,513,515,514,515,517,502,504,506,507,507,509,513,516,515,515,515,512,500,500,501,500,502,506,507,509,511
2018/01/09 19:17:31,0_100mHz,514,504,498,494,488,483,479,478,458,457,454,452,439,439,425,426,428,416,419,409,415,404,409,402,408,399,407,402,411,405,413,407,418,412,420,428,423,433,443,439,450,460,456,464,473,482,492,498,492,503,513,525,530,527,539,554,548,559,572,566,581,577,591,589,602,591,602,614,604,615,606,614,627,617,622,610,619,607,615,620,602,607,607,591,593,592,594,575,577,573,569,548,541,537,533,530,525,519,515,509
2018/01/09 19:17:31,1_100mHz,501,509,503,499,493,489,484,467,463,462,459,443,444,444,430,431,424,421,424,414,419,408,414,407,414,406,412,407,408,411,419,413,423,419,426,434,430,441,450,446,457,468,462,471,481,490,500,491,501,510,523,533,526,536,549,563,557,568,581,574,591,587,601,599,611,601,611,624,613,625,615,624,614,626,631,620,629,617,623,624,611,615,616,599,600,600,581,582,584,579,576,553,547,543,539,535,530,524,520,514
2018/01/09 19:17:31,2_100mHz,507,498,493,489,482,479,475,458,454,452,451,433,435,434,421,422,409,411,415,405,410,399,405,398,396,397,403,399,393,402,400,404,414,409,417,425,421,431,428,437,447,448,453,462,471,480,476,483,491,501,513,523,515,527,539,534,547,559,571,565,581,577,592,590,601,591,601,596,603,615,605,615,605,615,621,609,618,606,613,596,601,604,600,589,590,590,570,572,573,568,545,543,537,532,529,525,519,513,509,492
2018/01/09 19:17:31,3_100mHz,480,503,498,493,487,485,481,462,459,457,452,439,441,436,427,427,415,417,406,410,401,405,402,404,395,402,395,405,399,407,401,410,404,415,422,418,427,437,431,443,454,449,459,468,476,486,479,489,497,507,519,528,521,532,545,541,553,565,560,571,586,583,578,595,596,597,607,598,609,608,611,621,611,621,624,616,624,611,620,602,605,610,591,595,595,596,575,578,579,572,551,549,542,538,535,530,525,519,497,491
2018/01/09 19:18:17,0_500mHz,662,689,714,702,682,641,580,517,441,393,341,311,302,316,361,414,479,532,605,665,690,713,701,685,641,582,512,446,393,342,311,305,318,356,405,472,543,596,661,706,727,715,672,631,573,510,451,386,337,306,309,323,354,407,473,546,603,663,709,726,712,693,647,567,506,449,384,336,307,303,328,360,412,478,548,601,662,707,726,713,687,644,565,504,443,380,336,315,309,324,357,411,481,540,611,671,691,708,718,675
2018/01/09 19:18:17,1_500mHz,629,705,729,713,691,647,584,520,442,393,341,311,304,319,355,416,474,546,621,681,706,727,711,695,647,587,507,447,384,341,311,306,323,357,414,484,557,609,678,720,715,727,682,637,577,512,451,386,337,307,310,327,360,415,485,560,619,679,704,720,724,692,640,572,509,450,384,336,308,304,319,366,422,489,561,617,678,722,715,724,695,650,570,506,444,380,332,315,310,328,364,421,494,554,626,684,706,721,728,683
2018/01/09 19:18:17,2_500mHz,636,697,718,701,677,631,568,506,429,372,330,302,297,314,350,404,470,542,615,652,698,716,699,680,632,571,494,433,367,330,302,299,315,352,410,480,552,605,671,690,706,714,669,623,562,498,424,373,327,297,292,320,355,411,480,544,613,673,691,705,711,664,615,557,495,421,371,325,300,297,314,361,417,485,557,611,671,690,706,710,682,614,557,491,431,367,321,295,293,321,359,417,490,550,621,657,697,711,693,670
2018/01/09 19:18:17,3_500mHz,621,707,725,706,682,633,570,507,431,369,333,306,303,321,358,414,480,553,608,662,706,724,703,684,634,573,495,435,369,333,307,305,323,360,419,490,552,615,657,700,714,704,674,625,564,500,427,376,329,302,297,328,364,421,490,548,624,659,701,712,717,668,617,559,497,423,373,328,304,303,321,369,427,495,552,623,681,699,712,715,685,615,558,493,433,371,324,300,298,329,367,426,484,561,631,667,706,718,699,674
2018/01/09 19:19:01,0_1Hz,681,574,443,331,298,358,482,610,708,713,637,505,371,301,319,417,562,667,729,687,553,428,324,300,371,503,631,715,703,620,487,357,297,324,442,570,693,716,666,549,407,312,300,380,517,640,717,712,596,463,354,302,342,456,585,701,712,651,529,400,314,313,393,532,647,732,693,590,460,344,303,353,464,607,704,727,640,507,387,307,315,415,545,659,734,678,572,443,332,300,361,488,621,719,723,620,495,372,298,325
2018/01/09 19:19:01,1_1Hz,424,574,439,328,300,367,498,631,726,723,641,503,367,301,327,431,581,687,743,680,554,425,322,302,381,502,652,732,713,622,486,355,296,331,440,590,712,730,671,549,404,310,303,393,535,661,733,712,598,462,351,302,350,471,606,720,723,656,529,387,312,312,405,551,667,721,700,592,448,330,293,350,476,627,707,716,636,506,384,307,320,414,565,680,723,686,573,441,329,302,371,504,642,712,728,624,495,362,296,331
2018/01/09 19:19:01,2_1Hz,438,555,421,315,293,367,500,631,719,710,621,484,351,292,324,432,563,685,731,653,535,408,310,297,378,505,651,725,697,603,466,340,287,328,442,591,685,718,654,531,387,298,298,393,518,661,725,681,579,443,325,285,335,457,607,691,710,638,510,370,291,302,406,532,666,712,681,572,424,316,287,348,478,607,702,701,617,486,360,296,316,415,566,678,713,669,554,407,316,295,358,489,620,707,693,607,476,347,286,320
2018/01/09 19:19:01,3_1Hz,439,553,416,317,301,367,499,649,705,713,619,464,351,297,334,447,580,698,711,654,533,392,308,304,381,522,642,716,700,599,463,340,293,339,457,604,697,723,653,516,385,301,306,396,535,656,734,683,575,440,326,291,347,473,602,703,714,637,507,369,295,311,421,549,680,720,683,570,422,318,293,361,494,623,713,706,617,484,353,290,326,431,564,692,719,671,553,406,312,303,371,506,636,717,697,605,473,347,291,327
2018/01/09 19:24:31,0_NOSIGNAL,511,511,513,511,513,516,503,503,506,510,511,514,516,517,517,518,502,516,503,506,509,508,511,513,516,503,505,507,509,510,515,514,505,507,511,515,515,514,505,505,509,511,513,515,519,512,503,507,510,511,513,516,517,518,502,506,509,511,513,515,517,512,503,506,510,511,514,518,512,503,507,507,511,511,512,515,518,505,506,507,511,513,515,516,502,504,504,507,509,510,510,513,517,518,505,507,509,510,511,511
2018/01/09 19:24:31,1_NOSIGNAL,518,519,520,518,521,523,509,510,513,517,518,521,523,523,524,514,510,508,510,512,515,515,519,521,523,509,511,514,516,517,522,508,511,514,518,521,522,507,511,511,515,519,521,523,512,508,511,514,518,518,520,523,524,516,509,512,516,519,520,521,524,509,509,513,516,518,521,525,507,510,514,514,517,519,520,523,512,511,513,515,517,521,522,523,509,511,511,515,517,517,516,520,520,507,511,514,515,517,518,519
2018/01/09 19:24:31,2_NOSIGNAL,520,509,509,508,511,498,500,500,503,507,508,511,513,512,500,497,500,498,501,503,505,505,509,511,512,499,501,503,506,506,511,498,501,505,508,511,511,498,501,503,505,509,510,512,497,497,501,504,508,508,510,512,496,497,499,502,507,508,509,511,500,499,499,504,507,509,511,512,497,500,503,505,507,509,509,512,498,502,503,505,507,511,511,500,500,501,501,504,507,507,507,511,497,498,502,504,505,507,507,509
2018/01/09 19:24:31,3_NOSIGNAL,496,514,515,514,514,501,505,505,508,513,513,514,500,500,501,502,505,503,506,508,511,511,514,516,500,505,507,508,511,513,512,505,507,511,513,516,512,503,505,507,511,515,516,501,503,503,507,510,514,514,516,499,502,503,505,507,511,514,515,516,501,504,505,510,511,514,516,500,502,506,509,511,512,514,515,501,503,506,509,511,513,515,516,501,506,507,506,509,513,513,511,516,503,504,507,509,511,511,513,515
2018/01/09 19:25:24,0_NOSIGNAL,502,506,507,509,510,510,511,513,518,518,503,505,509,510,511,515,517,518,517,503,504,508,509,510,513,515,516,517,503,503,506,507,513,513,517,518,518,512,505,508,510,511,516,512,503,504,506,509,511,511,513,515,515,516,503,505,508,513,516,516,519,502,505,508,510,513,514,516,502,505,505,508,511,513,515,502,504,505,505,507,509,513,516,502,506,507,507,511,513,517,501,503,504,508,510,514,515,518,512,504
2018/01/09 19:25:24,1_NOSIGNAL,507,511,514,516,517,517,518,520,522,520,509,511,516,517,518,521,523,524,524,510,511,515,516,518,520,522,523,520,509,511,512,514,520,520,523,512,520,509,511,515,517,519,523,507,510,511,512,516,516,519,521,522,523,508,509,511,515,520,523,523,525,509,511,514,517,519,521,523,509,511,511,516,518,520,522,509,510,511,511,513,515,519,523,509,511,513,514,518,521,523,509,510,511,515,517,519,523,512,508,511
2018/01/09 19:25:24,2_NOSIGNAL,514,502,503,505,507,505,507,510,500,497,500,501,506,506,507,511,512,512,512,500,502,505,506,508,510,511,512,497,499,501,502,503,509,510,512,497,496,499,503,505,506,509,512,499,499,501,502,506,506,509,511,513,511,499,499,502,505,510,496,512,496,499,503,504,506,509,511,512,500,502,502,506,507,510,511,499,500,501,501,502,506,510,500,499,502,503,505,508,511,512,499,500,502,505,507,509,513,498,499,501
2018/01/09 19:25:24,3_NOSIGNAL,505,507,509,511,511,510,513,515,501,503,505,507,511,511,513,516,500,512,501,505,508,510,511,514,515,517,500,501,504,507,508,510,515,515,501,502,501,504,509,511,511,514,500,503,505,506,507,511,511,514,516,500,500,504,505,508,511,515,501,501,501,503,509,510,511,515,515,500,505,508,507,511,513,517,512,505,505,506,507,509,511,515,501,505,507,508,511,514,512,500,503,506,507,511,511,515,500,503,505,506
2018/01/09 19:26:16,0_100mHz,432,434,432,425,415,417,409,411,416,407,399,404,399,406,399,408,401,410,403,415,410,420,429,423,433,430,440,451,450,463,461,472,482,475,486,500,498,506,517,531,524,536,550,545,559,572,565,578,573,588,583,597,594,609,600,607,620,611,624,615,626,617,609,621,607,614,620,605,610,597,601,587,591,592,573,573,573,570,567,547,542,539,535,532,525,516,501,498,497,492,471,472,471,455,457,442,446,433,435,423
2018/01/09 19:26:16,1_100mHz,428,439,426,429,419,422,414,416,408,412,405,409,404,411,405,413,407,415,410,421,415,427,419,429,440,436,447,458,458,456,469,479,480,483,495,508,502,515,526,539,531,545,558,554,569,562,575,587,583,597,594,607,603,617,609,618,608,621,611,623,614,626,618,630,616,623,609,613,619,605,609,594,599,599,579,581,579,577,573,554,548,545,541,537,531,512,507,504,502,497,476,478,476,461,462,447,451,438,440,429
2018/01/09 19:26:16,2_100mHz,433,430,417,420,410,413,404,407,397,403,395,399,395,401,397,405,398,406,401,412,407,418,411,420,431,427,438,434,449,447,461,471,463,474,485,498,493,505,516,512,521,536,548,544,559,551,565,575,573,587,585,597,594,596,599,607,598,611,602,613,605,616,609,621,607,614,599,603,609,596,599,584,589,589,569,571,569,566,543,545,538,535,531,527,520,498,497,494,492,476,467,468,460,453,452,438,441,429,431,420
2018/01/09 19:26:16,3_100mHz,409,436,422,425,415,418,409,413,402,408,399,405,400,407,402,396,404,412,407,404,413,423,417,426,422,434,444,440,455,453,466,468,468,480,491,488,500,511,522,517,528,541,536,550,566,557,570,582,579,594,591,596,601,591,605,613,604,618,609,619,611,622,615,608,612,619,605,607,608,602,605,590,594,576,575,577,574,570,549,549,543,540,537,524,522,504,502,499,484,475,472,473,456,458,452,444,440,434,421,425
2018/01/09 19:27:03,0_500mHz,319,354,406,473,545,596,662,688,707,719,680,643,586,503,444,392,343,315,307,323,356,410,476,550,602,666,710,707,719,678,633,575,514,438,390,343,314,307,322,357,407,475,549,618,664,709,724,715,673,630,574,511,437,388,339,313,309,325,360,414,482,554,607,673,697,714,699,682,638,578,514,436,387,339,313,307,325,359,413,478,549,621,661,705,723,713,672,644,567,505,445,383,336,310,306,322,367,423,475,550
2018/01/09 19:27:03,1_500mHz,620,361,415,485,559,612,679,702,721,730,690,650,584,506,444,377,342,315,309,326,363,419,489,564,618,683,701,723,712,687,639,580,515,439,376,336,314,308,326,363,417,487,563,612,681,700,717,727,683,638,579,514,438,387,339,313,310,329,366,422,493,552,623,665,713,729,713,691,645,582,512,436,387,339,313,309,329,366,422,489,562,615,677,721,736,725,677,627,570,506,444,382,336,311,308,326,361,417,487,564
2018/01/09 19:27:03,2_500mHz,616,356,411,481,554,607,671,694,712,694,678,635,555,492,431,366,320,295,301,320,358,413,485,540,613,660,693,713,695,673,625,565,501,426,365,321,304,301,319,358,413,483,558,608,674,693,707,715,669,623,564,500,425,372,329,300,293,323,361,418,489,543,619,660,705,719,700,676,629,567,484,424,361,328,296,302,322,361,417,485,557,610,671,712,704,714,663,614,556,492,418,370,326,301,301,319,356,413,483,561
2018/01/09 19:27:03,3_500mHz,612,364,421,491,545,619,658,703,719,699,681,615,558,493,433,369,324,300,298,327,366,423,495,551,623,663,702,719,699,677,626,567,496,429,368,324,298,307,327,367,423,494,549,619,660,702,715,694,673,626,566,500,427,364,328,299,299,320,370,427,483,555,629,670,714,727,705,679,630,569,486,426,363,320,298,298,329,369,426,496,568,620,681,695,711,693,666,617,558,493,421,372,329,306,306,326,365,423,493,552
2018/01/09 19:27:49,0_1Hz,619,717,719,636,489,372,303,325,425,562,684,721,679,564,419,319,300,373,506,631,713,699,613,485,355,298,329,437,587,683,726,673,535,408,314,305,389,511,653,726,694,599,471,347,299,342,456,583,695,723,657,533,393,309,310,405,532,651,712,692,591,444,340,296,348,469,598,701,721,648,503,382,305,316,409,554,665,718,691,566,437,329,301,365,493,621,718,717,637,490,373,305,324,421,568,677,714,674,559,415
2018/01/09 19:27:49,1_1Hz,327,734,729,640,487,369,303,331,438,573,703,734,684,565,416,318,303,385,523,651,729,709,617,482,353,298,336,452,586,703,738,678,535,405,312,308,400,531,672,742,702,601,468,344,300,350,472,602,714,735,662,531,391,307,315,403,551,671,723,701,593,442,329,295,357,486,617,720,731,653,502,379,304,322,423,553,686,734,698,566,434,327,303,374,491,642,724,727,640,488,370,303,330,436,587,697,728,681,560,413
2018/01/09 19:27:49,2_1Hz,314,701,714,599,469,352,294,329,439,575,677,723,667,526,400,306,297,384,507,651,722,694,599,463,338,289,335,454,587,699,727,640,516,388,301,303,387,533,649,707,685,583,433,330,293,348,473,604,709,723,645,512,374,297,311,404,553,671,714,684,573,425,315,289,356,488,618,715,717,612,483,363,294,319,424,555,685,723,680,547,415,314,297,361,494,640,703,713,600,470,344,284,327,437,570,694,718,664,541,396
2018/01/09 19:27:49,3_1Hz,302,712,716,597,466,341,288,327,442,591,691,730,666,523,398,308,305,384,524,656,732,696,597,450,338,295,346,469,603,711,731,636,514,387,304,311,401,549,665,715,687,581,431,331,298,347,472,621,720,726,643,492,373,300,320,419,549,685,723,685,568,422,316,295,369,487,635,704,721,611,479,363,299,324,439,571,675,730,658,544,413,316,303,374,511,635,715,715,599,468,342,289,336,453,587,684,724,665,539,393
